The following are analysis values for a statistical objective analysis N=2: [[5324.86796007 5341.62305586 5376.70950855 5398.72150038 5410.62961891
  5446.97589689 5464.73356676 5464.88774419 5476.31573047 5485.15207439
  5484.78628618 5508.20104177 5521.80370585 5538.77122264 5579.52490814
  5599.19286145 5600.07275467 5632.04255758 5648.36556281 5662.47295038
  5671.01979632 5675.27691007]
 [5297.44558523 5319.05330223 5336.77217965 5371.29795697 5397.09102289
  5418.35963326 5430.73116786 5456.91673571 5470.14489786 5470.2661662
  5478.99095716 5501.24896009 5513.08735716 5527.71654808 5566.13965262
  5569.42718945 5588.55124753 5625.44446786 5645.98949675 5661.25813328
  5670.00943442 5674.30641221]
 [5269.56605883 5285.40143321 5319.132641   5328.80633367 5352.01790952
  5394.7499657  5415.64270899 5434.41909765 5457.86487562 5458.21989474
  5466.11845615 5486.83334086 5496.57602821 5506.95311379 5529.0433154
  5547.8183464  5570.21531623 5612.96685302 5638.10130595 5655.97958979
  5666.14566641 5671.40297959]
 [5257.55128562 5269.54753063 5283.13649259 5310.30947399 5334.4446279
  5364.99134709 5385.16747846 5393.57284608 5416.66580392 5425.88737135
  5430.98352465 5430.80673891 5452.84287205 5447.35533395 5463.29030978
  5520.71618791 5546.20660261 5552.12014728 5623.51710665 5644.84191537
  5657.66722267 5664.68466216]
 [5239.95305337 5252.417496   5264.81504109 5285.07465837 5322.97470545
  5351.01692157 5370.18950227 5380.567187   5393.43422493 5397.00096376
  5390.85527614 5396.54065789 5398.3623208  5407.41467139 5438.14390902
  5456.44969632 5479.68990644 5534.94219975 5566.60900098 5626.46932194
  5642.02074794 5650.91401001]
 [5223.39928084 5235.33425791 5247.48683806 5269.35813299 5306.80596958
  5342.51053539 5362.97677012 5373.54803452 5381.39370693 5388.91873373
  5393.52410136 5386.14290963 5386.64726694 5393.86519518 5421.06611978
  5438.40541096 5445.57977016 5476.73099436 5543.63815235 5567.70299444
  5619.96357201 5628.31751758]
 [5196.71410562 5222.81062052 5235.92774202 5266.88658933 5300.92533755
  5333.06669344 5363.71236578 5382.40708231 5386.18325161 5393.40714866
  5397.36536307 5393.59170596 5402.30703389 5408.66668721 5415.5200716
  5428.20646952 5433.42600882 5461.81044284 5489.6170915  5576.35735298
  5591.97568647 5601.52257469]
 [5200.85375011 5212.95544277 5238.84111873 5268.51279483 5305.07869111
  5348.20102447 5374.64481435 5396.22821016 5405.68791813 5413.12820405
  5417.20370679 5420.5359885  5426.75392804 5427.64318717 5425.89688346
  5434.1502512  5438.47948235 5453.0838875  5514.54726093 5565.26778456
  5580.02928433 5589.37886225]
 [5200.51960729 5215.03140511 5243.40569285 5280.20497205 5316.69331612
  5359.52824136 5387.65069824 5407.16337806 5423.17769434 5431.57228173
  5435.90465692 5438.00018303 5441.39187992 5438.70652058 5432.98789365
  5436.35590478 5435.22278649 5441.6582234  5506.6893403  5557.1774098
  5571.87226262 5581.78315772]
 [5209.72487938 5225.91108028 5262.26569475 5298.87140233 5334.24458836
  5369.58345767 5397.08475594 5427.00350673 5451.3094621  5460.56471643
  5461.7768243  5461.65001429 5457.08867171 5443.3044019  5435.06635878
  5434.30185275 5425.38349791 5435.87945848 5471.64040214 5532.1941373
  5547.86279469 5559.99227902]
 [5213.88843375 5229.91042669 5265.64239509 5302.82178137 5340.83165557
  5374.18075104 5412.84731926 5447.87276471 5474.18747198 5482.55961182
  5483.96780155 5480.65266756 5474.29771348 5452.27027457 5446.62644176
  5443.59603996 5430.93282505 5405.58608641 5468.5688473  5489.68344088
  5547.52638201 5564.69868078]
 [5216.78617446 5232.66139287 5268.00431196 5307.78171667 5352.96162394
  5393.07697298 5436.39247832 5477.61972068 5508.53640761 5515.00856376
  5505.27205517 5499.17309218 5493.04440092 5481.75136214 5457.9818328
  5462.93398122 5412.07794288 5419.42274261 5479.92433813 5500.85361489
  5524.69542166 5549.24567583]
 [5216.08693926 5235.45384401 5276.9267978  5326.07475848 5378.86123704
  5423.69857666 5459.53965998 5498.82458652 5528.8906283  5535.60183661
  5536.72460157 5532.07480364 5530.34659723 5511.23356249 5491.83775666
  5461.21885895 5461.03312293 5447.07252396 5463.1040256  5532.54989919
  5562.87228916 5614.84462688]
 [5165.0785478  5195.19887718 5291.92325834 5354.65195098 5411.26494839
  5449.43161347 5479.85071587 5506.0917049  5541.11219733 5561.52131148
  5567.65829965 5566.4363177  5569.18945176 5562.23607588 5560.23877532
  5504.07493182 5503.72187315 5488.80201271 5503.78762012 5574.81302334
  5628.57569479 5656.63921936]
 [5156.89694464 5199.9630384  5316.92016629 5386.71957424 5434.9484818
  5465.10218539 5492.65263967 5520.41967238 5556.92462452 5587.2434143
  5591.5040879  5599.83440379 5603.31396799 5607.85732836 5607.7580475
  5585.147804   5578.89705445 5584.08658173 5584.39805208 5617.59493293
  5671.18658125 5696.66571065]
 [5175.53769369 5219.38086811 5294.68231785 5409.41371943 5449.68810283
  5475.24729688 5506.4360016  5538.95055111 5579.68505742 5590.54270969
  5626.60047821 5632.51086515 5637.60039617 5645.0136637  5648.65568828
  5622.66777474 5627.09385795 5633.00041613 5646.00824383 5677.77090373
  5713.06420924 5734.99413855]
 [5195.10867679 5248.36281709 5310.3815172  5416.77126918 5456.96716266
  5493.3319873  5529.04925671 5557.51946532 5594.16829201 5614.73682261
  5652.49458062 5664.01716312 5673.11278375 5682.43463558 5691.27528993
  5683.29687584 5672.25854185 5706.58764682 5718.41151559 5753.16415448
  5812.52691201 5829.88141816]
 [5220.32344474 5327.43167726 5386.82819104 5439.75294794 5471.20850168
  5511.79397162 5542.61216243 5575.69880555 5597.95801957 5634.56798732
  5671.05503267 5683.87394508 5691.98094276 5713.41297922 5730.08006282
  5740.55256331 5750.02735764 5767.91868722 5777.95142264 5793.63048601
  5838.91091576 5851.60326485]
 [5245.3867056  5348.85856866 5403.11745126 5458.06053259 5493.74985911
  5543.48525454 5585.66911312 5598.05598543 5629.72164058 5645.00690129
  5682.31942277 5696.8589669  5713.11288819 5738.3657456  5753.74553422
  5768.51582749 5778.25843317 5795.75326665 5806.16525859 5815.82820797
  5840.24150559 5864.66410505]
 [5258.20036757 5371.76587429 5427.31144371 5471.72479387 5529.40736894
  5562.66595945 5596.00279041 5629.89314477 5646.65827247 5682.51371587
  5698.46111854 5714.85428592 5733.17975762 5757.75159576 5773.41369811
  5796.74645388 5808.73636563 5825.4434824  5830.19388172 5835.65446437
  5852.36171735 5856.98292051]
 [5318.82497944 5366.14501204 5450.90736277 5509.39009606 5561.84657553
  5585.21638945 5619.06321786 5639.56771873 5670.21616591 5697.20557988
  5712.81426518 5737.5769237  5759.18706936 5778.5119105  5793.69863914
  5816.06620954 5836.07362361 5843.00237631 5846.20227356 5849.37042929
  5850.93608496 5851.91194169]
 [5348.11399782 5386.28349324 5446.82476867 5531.06725155 5586.35655002
  5616.56049958 5647.43883544 5668.0638511  5692.77207743 5709.42668951
  5730.46401649 5752.95211883 5775.58015792 5795.63905829 5808.36445255
  5818.71346859 5852.32377106 5858.2500708  5862.08373521 5861.92487602
  5861.76528384 5860.18316004]
 [5359.44116342 5412.66219921 5469.3996855  5550.21550155 5583.62444004
  5622.56315982 5652.98319721 5674.93535937 5701.7437342  5720.03193199
  5740.52805081 5765.80039705 5788.72896654 5805.00258248 5820.7794213
  5831.41671493 5845.88699229 5863.29796365 5867.17382681 5869.07162402
  5874.90212192 5873.2492102 ]
 [5379.16068716 5432.40068022 5513.22832684 5557.22106222 5610.63273598
  5636.94628316 5671.56985409 5687.31429052 5712.36987684 5734.9588406
  5755.44240512 5774.54425514 5796.34350286 5807.68942682 5828.62964679
  5844.41212602 5849.807451   5859.98654457 5865.41774137 5876.57566152
  5879.53231105 5879.18390232]
 [5350.01365371 5474.70299713 5520.27519533 5558.31564596 5599.83144883
  5644.84471522 5671.07774135 5688.52482105 5716.27764206 5739.00027679
  5762.53100493 5780.49928864 5796.16869999 5809.4372993  5826.2735186
  5836.73038536 5855.43769449 5867.82116493 5874.54211254 5871.74003639
  5876.98715102 5879.70548559]
 [5405.68602167 5493.93763876 5522.48933529 5557.08861194 5597.29340731
  5642.22927247 5658.50891685 5688.12125725 5716.93653343 5743.47331916
  5763.34486563 5785.34388188 5797.6851655  5813.00211312 5829.0848732
  5842.26971833 5855.93641635 5864.23996901 5873.16129752 5878.92043027
  5881.79465398 5883.502376  ]
 [5417.06085055 5495.91847237 5529.87241594 5560.53458616 5590.99890619
  5630.41610082 5655.72382173 5686.89541665 5718.18256181 5746.80993897
  5767.34425582 5781.72792282 5800.71718988 5821.84287935 5834.32888117
  5849.01751931 5863.1402863  5879.24352379 5879.22779109 5882.17602818
  5883.85183983 5884.78288724]
 [5425.44954361 5494.39384077 5521.6960328  5553.58376301 5583.5826529
  5612.3798453  5651.69080161 5681.00809655 5717.98886975 5747.44212523
  5769.37263208 5783.98873408 5803.45405736 5826.76378553 5841.84009832
  5873.51238411 5882.92208536 5888.38403566 5882.29951754 5883.96496834
  5884.86594215 5885.35914844]]