The following are analysis difference values based upon the N=4 analysis: [ 7.50809543e+00  7.93519045e+00 -9.44251805e+00 -7.59121121e+01
 -2.46830524e+00  2.32584199e+01             nan  7.49188100e+01
  6.54358897e+01  6.92363849e+01             nan -8.66770457e+00
  6.83777100e+01 -4.85679033e+00  1.84279311e+02 -4.23636967e+01
  1.10428002e+01  3.66895949e+01  8.12810579e+01  9.98000396e+00
  6.87874112e+00 -1.73336878e+01  1.06104209e+02 -8.79480633e+00
  3.37151000e+01  1.86170888e+01  1.45545835e+01 -1.13116949e+01
  1.33666892e+02  1.33184421e+00  1.45766807e+02  2.10923800e+01
 -1.83595723e+01  4.64424592e+01  6.31711821e+01 -3.25780338e+01
  1.15804447e+01 -5.59459433e+00  1.38030383e+02  7.87708481e-01
  6.46343374e-01 -1.79315219e+00  1.42074036e+01 -3.72808597e+01
  1.72449155e+02  1.20061139e+01  3.60941050e+00 -1.65721044e+01
  2.21609944e+02  1.37091976e+00  2.73135191e+00 -3.60478060e+01
 -1.08495867e+01 -6.04185784e-01  1.93061412e+01 -2.50902864e+01
 -2.27547953e+00  1.31307710e+01 -1.04541378e+01 -9.91489832e+00
  5.59075527e+00  7.97264259e+00  3.27311315e+01  5.30151531e+00
  2.76384966e+01 -3.28488350e-01  2.06963997e+01  2.91828562e+00
  2.32852088e-01  2.48593798e+01 -4.22561582e+00  1.40823294e+01
 -2.74910181e+00 -6.33610376e+00  6.96330649e+00  9.56320023e+00
             nan -1.00565091e+01  5.19921902e+00             nan
             nan -2.78783303e+01  1.40988892e-01  5.73594404e-01
  1.41038192e+01 -1.16589327e+00  1.48504240e+01 -5.23218722e+01
 -7.59168931e+00 -1.95397698e+01 -9.31407327e-01 -6.97336202e+00
 -8.73735432e+00 -2.09806653e+02 -2.86044716e+01  7.98914852e+00
 -3.71353445e+01 -3.67747714e-01 -1.23025818e+01 -2.37130501e+01
  7.56322225e+00 -4.50723270e+00  2.65613593e+00  1.32754774e+02
  5.08486364e+00  1.10478772e+02  3.52690958e+00 -1.20583439e+01
 -9.41275114e-01  4.04837813e+00 -3.81464293e+00 -7.38763364e-02
 -6.75139977e+00 -1.00522039e+00             nan -7.28459951e-01
 -5.25325874e+00 -9.68517697e+00 -4.09570336e+00 -1.56509295e+01
  1.04209710e-01             nan  3.77282662e-01 -1.25644317e+00
 -1.34994637e+01 -1.38939084e+00 -2.40369517e+01 -3.95166789e+00
  6.56183200e+00  4.01238023e+01  1.86613696e+00  6.41493601e+01
 -3.35465418e+00  2.03515718e+01 -1.31027046e+01]