The following are analysis difference values based upon the N=2 analysis: [ 3.79023408e+00  2.35318968e+00 -4.88379644e+00 -4.08515393e+01
  4.60213661e+00  2.51326669e+01             nan  7.84550811e+01
  7.00683687e+01  7.03998097e+01             nan  3.32935132e+00
  7.47935807e+01 -2.66870316e+00  1.88909529e+02 -4.27769423e+01
  4.94809510e+00  4.56094605e+01  1.03211241e+02  1.11346342e+01
  2.50925888e+00 -1.61590835e+00  1.24453777e+02 -7.34752379e+00
  4.26238019e+01  1.43283091e+01 -3.18016867e+00 -6.05844661e+00
  1.42059294e+02  7.52817169e-01  1.54684336e+02  1.77319085e+01
 -1.45857297e+01  2.97059332e+01  7.09761056e+01 -2.84870431e+01
  1.11418602e+01  4.41806416e-01  1.48099373e+02  5.70076625e+00
 -2.34880916e+00 -6.09739724e-01  3.51893277e+00 -3.99050591e+01
  1.80774618e+02  9.00643426e+00  1.69425748e+00 -1.72664176e+00
  2.30585117e+02  8.69350847e+00  2.96802285e-02 -3.83333776e+01
 -2.01393512e+01  9.19654558e-02  2.23911078e+00 -1.33600917e+00
 -9.89462774e-01 -2.06208595e+00 -3.52726369e+00  1.07740217e+00
 -4.09418395e+00  3.30951203e+00  4.00652322e+01  1.94251263e+00
  6.31418830e+00  4.77500964e-01  1.58279182e+01  1.53118442e+00
  4.89421713e+00  1.28762155e+01 -2.37338081e+00  1.28313862e+01
 -6.08555111e-01 -5.00543642e+00  6.41462591e+00 -2.41958112e+00
             nan -4.87989537e+00 -1.09657889e+00             nan
             nan -2.02198621e+01 -2.30651845e+00  2.57726348e-01
  1.19357807e+01 -1.11155031e+00  2.12268705e+01 -5.63366550e+01
 -8.29576343e+00 -1.50119636e+01  6.31542058e-01 -7.87786110e+00
 -6.06373213e+00 -2.08036302e+02 -3.06319741e+01  1.51510693e+00
 -7.03895886e+00 -2.23904612e+00  4.99603716e+00 -2.35324219e+01
  3.86382495e+00 -2.54048376e+00  4.86561976e+00  1.43592178e+02
  3.45548456e+00  1.20634609e+02  4.35108794e+00 -2.78566518e+00
 -9.93586844e-01 -7.89535592e-01 -4.17515463e+00  2.45779641e+00
 -6.75357742e+00  1.26907453e+00             nan  2.66811912e+00
 -4.32532437e+00 -1.76336372e+00 -9.26519382e-01 -1.00700299e+01
  1.10540315e+01             nan -2.60654336e+00  1.04487250e+00
 -1.02493857e+01 -7.63100065e-01 -2.82674478e-01  2.19003863e-01
  9.87771863e-01  1.07387947e+01  1.24082033e+00  6.20017069e+01
  2.14114146e+00  1.33448146e+01 -9.77591688e+00]