The following are analysis difference values based upon the N=10 analysis: [   6.86714004    2.39273766   -4.28643584  -80.32917979  -15.61763626
   13.67160358           nan   64.53060245   61.31693919   69.56509503
           nan  -36.05655701   63.23201803   -2.15955526  169.7936491
  -51.43916377    8.75505846   28.24472365   78.15732905    3.95539659
    8.55095964  -17.10314298  114.85540222  -21.810124     35.27034049
    9.43434888   28.4182727   -16.66597289  106.11290889    0.48012215
  116.22429381   18.53683825  -27.98498455   63.20955073   35.64326272
  -42.60094326   23.07863857  -13.39594272  107.12086778   -3.09540729
    2.77801114    2.17681231   30.97912705  -52.64483916  148.50130627
    9.648833      5.03468103  -11.32566751  189.28786136   -5.53492738
    7.55523506  -46.00047061   -6.28583235    3.56505792    8.07793537
  -39.21803451    2.30835977    2.84276409   -1.50640284   -8.07638563
  -13.69021091    7.34683453    7.28335944    5.16511369   28.47057524
   -5.19729379   26.82486175    4.46437617   -6.78517835   28.64857396
   -7.28386697    0.82040272   -3.16119673   -8.81054255    3.94745352
    3.20542973           nan  -15.31144354    9.07085626           nan
           nan  -24.41798396    1.58793129   -6.83387826   20.53730896
   -8.8019209    31.17308365  -74.34564015   -6.84466123  -31.66866427
   -4.58195021   -6.12135711   -8.35250447 -195.33505236  -39.12914493
   11.18445709  -34.53130187    0.78930145  -21.53065813  -40.39090196
    8.1003298     8.54956011   -7.90123499  101.96414614   17.115956
   81.1778168    16.99337135   -8.93992507   -1.99841066   -3.10145984
    0.54351396   -7.95921004   -7.28023192   -4.9612936            nan
   -2.64887387  -13.42758786  -15.21952329  -12.25036241  -17.70442276
   -1.70996927           nan    0.34544339    1.67454259   -7.85789497
   -6.64346913  -37.50134624   -3.89667504   -1.22406602   44.51687489
    0.33901497   53.23705712  -24.32287839   20.06086306  -30.55562967]