The follwowing are analysis increment values based upon the N=10 analysis: [[-4.11833864e+01 -2.19269040e+01 -2.19269040e+01 -1.14199303e+00
  -1.14199303e+00  1.72806672e+00  1.72806672e+00  1.42940677e+00
   1.42940677e+00  5.40587006e+00  1.28214723e+01  2.42492507e+00
   4.64098313e+00 -1.77086952e+00  8.75213130e+00  8.75213130e+00
   3.87738242e+00  3.87738242e+00  3.87738242e+00  1.62618807e+01
   1.62618807e+01  1.62618807e+01]
 [-2.71588223e+01 -2.71588223e+01 -1.39634482e+01 -1.14199303e+00
  -1.14199303e+00  1.72806672e+00  1.72806672e+00  1.42940677e+00
   1.42940677e+00  4.09679587e+00  2.42492507e+00  2.42492507e+00
   4.64098313e+00 -4.31136744e+00  3.29722899e+00  7.70250760e+00
   3.87738242e+00  3.87738242e+00  1.62618807e+01  1.62618807e+01
   1.62618807e+01  1.62618807e+01]
 [-2.32015624e+01 -1.39634482e+01 -1.39634482e+01 -1.14199303e+00
  -1.14199303e+00 -7.37556854e-01 -2.64487205e+00 -3.67042919e+00
   4.09679587e+00 -8.88739488e-01 -4.55186958e+00  3.61806390e+00
   4.64098313e+00 -4.31136744e+00 -3.40964934e-03  7.70250760e+00
   4.12727098e+00  4.12727098e+00  1.62618807e+01  1.62618807e+01
   1.62618807e+01  1.03713358e+01]
 [-1.96635068e+01 -1.96635068e+01 -1.39634482e+01 -1.14199303e+00
  -4.82667037e+00 -1.74522589e+00 -2.64487205e+00 -3.67042919e+00
   4.09679587e+00 -5.01714701e+00 -4.55186958e+00  6.45526722e-01
   6.45526722e-01 -4.31136744e+00 -3.40964934e-03  4.12727098e+00
   4.12727098e+00  1.26836741e+01  1.16539543e+01  1.16539543e+01
   1.03713358e+01  8.42663376e+00]
 [-2.03786187e+01 -2.03786187e+01 -1.83247950e+01 -4.07111146e+00
  -4.82667037e+00 -2.57562564e+00 -2.57562564e+00 -8.44105445e+00
  -1.16244266e+00 -1.16244266e+00 -4.77786037e+00 -5.08841315e+00
  -5.08841315e+00 -4.53662060e+00 -5.96056875e+00  4.12727098e+00
  -6.20121792e-01  1.16539543e+01  1.16539543e+01  1.16539543e+01
   8.42663376e+00  8.42663376e+00]
 [-2.58125957e+01 -2.59022529e+01 -9.98760969e+00 -4.07111146e+00
  -2.33787092e+00 -7.25280525e+00 -7.25280525e+00 -8.44105445e+00
  -5.04556262e+00 -1.13576026e+01 -9.37103302e+00 -6.19945991e+00
  -7.40157825e+00 -1.25987109e+01 -5.55426164e+00 -3.16215192e+00
  -6.20121792e-01  4.71682848e+00  1.16539543e+01  8.42663376e+00
   8.42663376e+00  8.42663376e+00]
 [-3.05586307e+01 -3.05586307e+01 -1.55183668e+01 -1.65669524e+01
  -8.86082065e+00 -7.25280525e+00 -7.25280525e+00 -1.32486799e+01
  -8.48525454e+00 -1.26670694e+01 -1.26670694e+01 -1.32214835e+01
  -1.51560190e+01 -1.91810161e+01 -2.04430386e+01 -2.39697200e+01
  -4.02890555e+00  4.71682848e+00  1.91342048e+00  1.41926819e+00
   1.41926819e+00 -5.86962748e+00]
 [-3.95335527e+01 -3.05586307e+01 -2.03430625e+01 -2.07605443e+01
  -1.67456600e+01 -1.26321263e+01 -1.10803505e+01 -1.04427698e+01
  -1.07643360e+01 -9.34012107e+00 -1.30168063e+01 -1.48240874e+01
  -1.60928840e+01 -1.79710331e+01 -2.04430386e+01 -2.14341078e+01
  -1.27902151e+01 -4.93158482e+00  1.91342048e+00  1.91342048e+00
  -5.86962748e+00  3.61466726e+01]
 [-5.80524181e+01 -3.03068498e+01 -2.05958766e+01 -1.58090047e+01
  -1.33585566e+01 -1.26321263e+01 -8.20756627e+00 -4.91911824e+00
  -4.91911824e+00 -4.91911824e+00 -8.06443454e+00 -8.71914757e+00
  -1.51800042e+01 -1.82166615e+01 -2.16258372e+01 -2.58669243e+01
  -1.27902151e+01 -1.01778823e+01 -1.35498362e+01 -1.92759043e+01
  -5.86962748e+00  3.61466726e+01]
 [-4.60544380e+01 -4.29669442e+01 -2.10093104e+01 -1.41054195e+01
  -1.41371465e+01 -9.48526099e+00 -5.47885943e+00 -4.06642527e+00
  -4.06642527e+00 -3.15088862e+00 -5.43926878e+00 -8.63037351e+00
  -8.79602565e+00 -1.16139847e+01 -1.35487681e+01 -2.55867775e+01
  -2.15884848e+01 -1.82777791e+01 -2.56069844e+01 -2.30117635e+01
  -2.19427090e+01  1.85357491e+01]
 [-7.24569088e+01 -4.04368842e+01 -3.59519364e+01 -3.12238378e+01
  -1.06134724e+01 -9.48526099e+00 -6.93634717e+00 -5.66743032e+00
  -3.27639828e+00 -2.11064329e+00 -5.43926878e+00 -5.68745085e+00
  -5.96086518e+00 -9.06833241e+00 -1.49383040e+01 -2.37205239e+01
  -3.19534265e+01 -2.08720839e+01 -2.08720839e+01 -1.67888593e+01
  -1.67888593e+01  1.85357491e+01]
 [-4.71089883e+01 -3.68921933e+01 -3.03997621e+01 -3.12238378e+01
  -1.06134724e+01 -4.43130256e+00 -5.04274416e+00 -4.91408394e+00
  -4.91408394e+00 -6.38744461e-01 -1.70109153e+00 -4.76204479e+00
  -5.85324418e+00 -9.24770628e+00 -2.42070830e+01 -2.69358984e+01
  -2.63566862e+01 -3.03059660e+01 -1.22510725e+01 -1.53671669e+01
  -1.68005205e+01  2.94626008e+01]
 [-4.71089883e+01 -2.86647640e+01 -1.97106005e+01 -2.40042004e+01
  -7.10526345e+00 -7.45628561e+00 -5.04274416e+00 -7.74435991e+00
  -3.67707419e+00 -1.18959970e+00 -2.86374806e+00 -3.55686450e+00
  -4.86969475e+00 -6.05690562e+00 -1.76396498e+01 -2.50230581e+01
  -3.05956392e+01 -2.96797292e+01 -2.69668314e+01 -2.69668314e+01
  -2.47000507e+00  7.12484750e+00]
 [-4.91862313e+01 -4.20967664e+01 -3.92212258e+01 -1.67275873e+01
  -2.48548087e+01 -7.45628561e+00 -7.45628561e+00 -7.74435991e+00
  -4.48932198e+00 -7.04339054e-01  3.90815229e+00  1.12457310e+00
  -3.62064235e-01 -6.05690562e+00 -1.87224048e+01 -1.98055868e+01
  -3.00846166e+01 -2.69668314e+01 -2.69668314e+01 -1.81134994e+01
  -1.07599995e+01 -1.15533875e+00]
 [-4.91862313e+01 -4.73872905e+01 -3.95644698e+01 -2.61483225e+01
  -2.33681209e+01 -9.47110086e+00 -6.27027227e+00 -7.55652726e+00
  -2.50330445e+00 -9.10575560e-01  1.40654286e+00  7.20847093e+00
   8.04356742e+00 -4.71017085e+00 -1.53118164e+01 -1.37121913e+01
  -1.75306070e+01 -1.71802218e+01 -1.71802218e+01 -6.68033222e+00
   5.77075910e-01  5.05200890e+00]
 [-5.45468983e+01 -4.73872905e+01 -4.11064594e+01 -2.65759019e+01
  -2.33681209e+01 -8.93063391e+00 -4.83475195e+00 -4.83475195e+00
  -5.17337996e+00  7.49492707e-01  8.75327387e-01  3.97985057e+00
   6.19207247e+00  4.20578522e-01  2.44287853e+00 -1.26635804e+01
  -8.91080681e+00 -1.55578230e+01 -9.88221069e+00  4.68177168e+00
   1.88372681e+01  1.88372681e+01]
 [-6.93907383e+01 -5.51023340e+01 -4.76095905e+01 -4.60918608e+01
  -2.69543697e+01 -8.75499532e+00 -1.03180469e+01 -5.67368876e+00
  -4.56020861e+00 -3.22150419e+00 -9.70269568e-01  2.99929700e+00
   8.69701518e+00  9.21630365e+00  7.11761347e-01  4.18966744e+00
   4.18966744e+00  9.43827665e+00  1.49687345e+01  8.76758607e+00
   1.88372681e+01  1.88372681e+01]
 [-6.93907383e+01 -5.17150774e+01 -4.47650120e+01 -4.88492745e+01
  -2.92373047e+01 -8.75499532e+00 -1.03180469e+01 -6.46137092e+00
  -4.06063660e+00 -3.44834694e+00 -2.01636328e+00  2.99929700e+00
   8.73826882e+00  9.21630365e+00  7.63169259e+00  4.21242852e+00
   7.00781209e+00  9.43827665e+00  2.38314093e+01  2.79422671e+01
   2.79422671e+01  2.79422671e+01]
 [-7.01878281e+01 -6.61812305e+01 -4.72797057e+01 -3.34599978e+01
  -9.54610016e+00 -9.54610016e+00 -1.07196100e+01 -6.18026805e+00
  -3.12613854e+00 -6.95619089e-01 -1.97139006e-01  3.38712104e+00
   1.13681601e+01  1.04120676e+01  1.70373846e+01  9.55916666e+00
   1.85653957e+01  1.33927144e+01  3.00521006e+01  3.59962089e+01
   3.22129028e+01  2.79422671e+01]
 [-7.92541313e+01 -6.11563898e+01 -4.93337211e+01 -1.41854232e+01
  -4.98596092e+00 -5.72262600e+00 -6.96430491e+00 -6.96430491e+00
  -3.12613854e+00 -3.12613854e+00 -1.20036333e+00  2.82131160e+00
   1.17976081e+01  1.13712621e+01  1.44782343e+01  2.01706681e+01
   2.13652094e+01  1.69871636e+01  3.00521006e+01  3.59962089e+01
   3.59962089e+01  3.22129028e+01]
 [-7.10396527e+01 -6.24952194e+01 -1.46182011e+01 -1.41854232e+01
  -4.98596092e+00 -4.24581771e+00 -5.72262600e+00 -6.86694805e+00
  -6.86694805e+00 -3.65451472e+00  1.27786594e+00  8.21291637e+00
   9.51662667e+00  1.32675344e+01  1.56258093e+01  1.83214338e+01
   1.88551067e+01  2.20793120e+01  2.20793120e+01  3.39786937e+01
   3.54559564e+01  3.22129028e+01]
 [-6.00283379e+01 -6.00283379e+01 -1.01452955e+01 -1.20537685e+01
  -6.29247848e+00 -5.90107528e+00 -4.06921765e+00 -1.11078722e+00
   1.36682966e+00  2.24674910e+00  5.70486828e+00  7.78359429e+00
   8.53662624e+00  1.40584725e+01  1.56385404e+01  1.54811046e+01
   1.90793877e+01  2.14660446e+01  1.99473942e+01  2.58075250e+01
   3.75982932e+01  3.75982932e+01]
 [-5.73264373e+01 -3.95505769e+01 -2.42920245e+01 -1.53284567e+01
  -1.53284567e+01 -6.43620275e+00  4.06092419e-01  2.47842004e+00
   5.55782678e+00  6.28820765e+00  6.37448941e+00  8.69655721e+00
   8.65034004e+00  8.74977042e+00  1.10875560e+01  1.26069116e+01
   1.27602574e+01  1.55142234e+01  1.64262070e+01  1.64262070e+01
   2.45248287e+01  3.45959046e+01]
 [-3.95505769e+01 -4.58021827e+01 -2.55951861e+01 -1.53284567e+01
  -1.53284567e+01 -4.25462726e+00  4.46915434e-01  3.80454039e+00
   8.73099890e+00  7.51521777e+00  6.31083764e+00  8.25641794e+00
   8.88947005e+00  8.60424762e+00  8.30892371e+00  1.27602574e+01
   1.27602574e+01  1.38500899e+01  1.30692165e+01  1.68225470e+01
   1.68225470e+01  1.85601989e+01]
 [-3.67798515e+01 -4.58021827e+01 -2.58693154e+01 -1.14361078e+01
  -1.53284567e+01 -4.72083149e+00 -2.24286934e+00  3.80454039e+00
   8.12287001e+00  6.97200319e+00  8.45452440e+00  8.25641794e+00
   6.90580452e+00  8.60424762e+00  8.35127136e+00  9.73194328e+00
   7.75655938e+00  8.60135470e+00  1.19431100e+01  1.58115165e+01
   1.58115165e+01  1.55018685e+01]
 [-4.58021827e+01 -4.37005704e+01 -2.28113224e+01 -1.14361078e+01
  -1.64781066e+00 -2.51436523e+00  6.74497398e-01  6.54432221e+00
   1.02448474e+01  7.08363214e+00  8.45452440e+00  5.62311066e+00
   6.90580452e+00  8.35127136e+00  9.11582794e+00  8.59851961e+00
   7.47282680e+00  7.47282680e+00  1.19431100e+01  1.19431100e+01
   1.19431100e+01  1.55018685e+01]
 [-4.37005704e+01 -4.37005704e+01 -2.28113224e+01 -2.28113224e+01
  -1.64781066e+00  2.21166721e+00  9.93794624e-01  3.64649266e+00
   1.02448474e+01  9.26329348e+00  6.66644441e+00  5.91059510e+00
   8.20756651e+00  9.46557365e+00  9.83573924e+00  7.47282680e+00
   7.47282680e+00  7.47282680e+00  7.47282680e+00  1.15444537e+01
   1.19431100e+01  1.19431100e+01]
 [-4.37005704e+01 -4.37005704e+01 -2.28113224e+01 -2.28113224e+01
  -1.01866498e+01 -1.01866498e+01 -8.03058243e+00 -8.03058243e+00
  -4.42906215e+00 -2.67026155e+00 -5.80384588e+00  6.20093188e+00
   8.64483335e+00  1.05623995e+01  8.26080017e+00  8.26080017e+00
   7.47282680e+00  7.47282680e+00  7.47282680e+00  1.15444537e+01
   1.15444537e+01  1.15444537e+01]]