The follwowing are analysis increment values based upon the N=2 analysis: [[  6.68454586   6.68454586  23.6780229   23.6780229   13.35196763
   29.97695555  29.97695555  14.94194974  14.94194974  14.94194974
    5.49335971  17.80768748  17.80768748  17.80768748  38.45629188
   38.45629188  22.67667931  39.08772109  39.08772109  39.08772109
   38.91873951  38.91873951]
 [ -7.52331727  -3.58987086  -3.58987086  10.007386    13.35196763
   13.35196763   6.06349015  14.94194974  14.94194974   5.49335971
    5.49335971  17.80768748  17.80768748  17.80768748  38.45629188
   22.67667931  22.67667931  39.08772109  39.08772109  38.91873951
   38.91873951  38.91873951]
 [-21.20057571 -21.20057571  -3.58987086 -13.9074365  -13.9074365
    6.06349015   6.06349015   6.06349015  14.94194974   5.49335971
    5.49335971  17.80768748  17.80768748  16.07761187  22.67667931
   22.67667931  22.67667931  39.08772109  38.91873951  38.91873951
   38.91873951  38.91873951]
 [-21.20057571 -21.20057571 -21.54941565 -13.9074365  -13.9074365
   -6.72702497  -6.72702497 -16.24156731  -7.34359389  -7.34359389
   -9.05482527 -16.11751448  -2.08305179 -17.85277305 -15.87843199
   22.67667931  22.67667931  -2.75915362  38.91873951  38.91873951
   38.91873951  38.91873951]
 [-25.51443128 -21.54941565 -21.54941565 -21.54941565 -10.08176487
   -6.72702497  -6.72702497 -12.39675192 -12.39675192 -17.09874653
  -28.9478472  -28.9478472  -34.03055634 -34.03055634 -15.87843199
  -15.87843199 -19.14410425   3.10764359   3.10764359  38.91873951
   38.91873951  38.91873951]
 [-25.51443128 -21.54941565 -21.54941565 -21.54941565 -14.3728525
   -6.72702497  -6.72702497 -12.39675192 -17.09874653 -17.09874653
  -17.09874653 -28.9478472  -34.03055634 -34.03055634 -17.05179121
  -15.87843199 -33.58175822 -33.58175822   3.10764359   3.10764359
   38.91873951  37.55581359]
 [-37.78428424 -21.54941565 -21.54941565 -14.3728525  -14.3728525
  -14.3728525   -7.60841616  -7.60841616 -17.09874653 -17.09874653
  -17.09874653 -24.1724432  -19.03122776 -17.05179121 -17.05179121
  -17.05179121 -33.58175822 -33.58175822 -33.58175822  30.75549221
   30.75549221  30.75549221]
 [-26.27189209 -26.27189209 -16.66387386 -14.3728525  -14.3728525
   -5.17372757  -5.70925022  -5.70925022 -10.41074844 -10.41074844
  -10.41074844  -9.48885588  -4.35551012  -4.35551012  -8.98983803
   -8.98983803 -22.26804542 -33.58175822   1.34798572  30.75549221
   30.75549221  30.75549221]
 [-26.27189209 -26.27189209 -20.32535705 -16.66387386 -16.66387386
   -5.17372757  -5.17372757 -10.41074844 -10.41074844 -10.41074844
  -10.41074844  -9.48885588  -4.35551012  -4.35551012  -8.98983803
   -8.98983803 -22.26804542 -38.18792105   1.34798572  30.75549221
   30.75549221  30.75549221]
 [-20.69329672 -20.69329672 -11.09845566 -11.09845566 -11.09845566
   -5.17372757  -7.9858864   -7.9858864   -3.12104991  -3.12104991
   -5.30941476  -4.38132992  -4.38132992 -12.585401   -16.66140368
  -16.66140368 -31.85826615 -38.18792105 -25.48388102  14.04146297
   14.04146297  14.04146297]
 [-20.69329672 -20.69329672 -11.09845566 -11.09845566 -11.09845566
  -11.09845566  -7.9858864   -7.9858864   -3.12104991  -3.12104991
   -2.94725037  -2.94725037  -2.94725037 -17.94269401 -17.94269401
  -17.94269401 -32.59830282 -69.01398214 -25.48388102 -25.48388102
   14.04146297  14.04146297]
 [-20.69329672 -20.69329672 -11.09845566 -11.09845566 -11.09845566
  -12.22507806  -8.90600592  -2.58789206   8.73427374   8.73427374
   -0.76154513  -2.94725037  -2.94725037  -7.68298129 -26.1294151
  -17.94269401 -69.01398214 -69.01398214 -25.48388102 -27.52631565
  -27.52631565 -27.52631565]
 [-20.69329672 -20.69329672 -11.09845566 -11.09845566 -12.22507806
  -12.22507806 -13.66365057  -4.03952923   8.73427374   8.73427374
    8.73427374   5.70236205   7.3038674   -7.68298129 -23.39845075
  -51.62123448 -51.62123448 -71.03712933 -71.03712933 -27.52631565
  -26.55202004  -3.36365431]
 [-63.90646748 -63.90646748 -15.88093567 -15.88093567 -13.66365057
  -13.66365057 -13.66365057 -13.66365057   2.42739972  11.77376306
   11.77376306   7.10914079   8.70917414   2.69143575   2.69143575
  -51.62123448 -51.62123448 -71.03712933 -71.03712933 -26.55202004
   -3.36365431  -3.36365431]
 [-63.90646748 -63.90646748 -15.88093567 -15.88093567 -13.66365057
  -13.66365057 -13.66365057 -13.66365057  -1.00038156  11.77376306
    3.68017291   3.68017291   2.52252418   5.42649972   5.42649972
  -16.77736404 -24.03757894 -24.03757894 -37.55284841 -28.64874388
   -3.36365431  -3.36365431]
 [-51.30403865 -57.87003103 -57.87003103  -9.86195623  -9.86195623
  -13.66365057 -13.66365057 -13.66365057  -1.00038156 -11.64554655
    8.74073032   4.07310743   2.52252418   5.42649972   5.42649972
  -24.03757894 -24.03757894 -25.38883464 -25.38883464 -14.35265034
   -3.36365431  -3.36365431]
 [-51.30403865 -51.30403865 -57.87003103  -9.86195623  -9.86195623
   -9.86195623 -13.66365057 -21.00371779 -11.64554655 -11.64554655
   10.44624429  10.44624429  10.44624429  11.00064723  11.00064723
   -5.19016523 -24.03757894   1.50920382   1.50920382  19.63075474
   59.69761888  59.69761888]
 [-51.30403865   3.78861222   3.78861222   3.78861222  -9.86195623
  -16.01252238 -30.45599193 -30.45599193 -30.45599193 -11.25125347
   10.44624429  10.44624429   5.93528363  13.70174675  17.03642626
   16.22291641  16.22291641  25.11672405  25.11672405  28.41332616
   59.69761888  59.69761888]
 [-51.30403865   3.78861222   3.78861222   3.78861222 -13.91457629
  -16.01252238 -15.75784374 -30.45599193 -16.94716444 -16.94716444
    5.93528363   5.93528363   5.93528363  13.70174675  13.55753523
   16.22291641  16.22291641  25.11672405  27.29564061  28.41332616
   43.8067696   59.69761888]
 [-63.81206404   3.78861222   3.78861222 -13.91457629 -13.91457629
  -27.18321174 -27.18321174 -15.75784374 -15.75784374   5.23429239
    6.41655711   6.41655711   5.48895388  10.54420622  10.54420622
   22.30890073  24.97419545  33.72389934  31.83300067  31.83300067
   43.8067696   43.8067696 ]
 [-32.20837997 -32.20837997  -7.39899931 -13.91457629 -13.91457629
  -27.18321174 -19.7576737  -19.7576737   -6.25228771   5.23429239
    5.23429239  11.79802434  11.79802434  10.54420622  10.54420622
   22.20851672  33.72389934  33.72389934  31.83300067  31.83300067
   31.83300067  31.83300067]
 [-32.20837997 -44.89262394 -44.89262394 -20.1050468   -9.07070171
   -9.07070171  -1.65507903  -1.65507903   4.57512267   4.57512267
    9.07540554  12.18420123  11.79802434  10.43973931   7.92473359
    7.92473359  33.72389934  33.72389934  33.72389934  31.83300067
   31.83300067  31.83300067]
 [-44.89262394 -44.89262394 -44.89262394 -15.40370225 -20.39876506
   -9.07070171  -1.65507903  -1.65507903   4.57512267   4.57512267
    7.68214529  13.39775376  13.39775376   7.92473359   7.92473359
    7.92473359  14.58021326  26.12471891  26.12471891  26.12471891
   31.83300067  31.83300067]
 [-44.89262394 -44.89262394 -15.40370225 -15.40370225   3.85380692
    3.85380692  15.17208878   7.16247172   8.94855843  11.14283041
   13.39775376  13.39775376  13.39775376   3.32630965   7.92473359
   12.49277767   9.58069657  13.04677209  13.04677209  20.04675228
   20.04675228  17.9249098 ]
 [-91.27196669 -16.79424412 -16.79424412 -17.09181684  -6.69023053
   12.86217817  15.39594682   7.32001307   8.94855843   8.94855843
   13.39775376  12.829872     7.98806985   0.41498842   0.41498842
   -1.12508909   8.43527769  13.04677209  13.04677209   4.79827617
    6.02623841   6.02623841]
 [-50.13215288  -5.4716392  -16.79424412 -17.09181684  -6.69023053
   12.86217817   4.85240942   7.32001307   7.32001307   8.87393249
    8.87393249  12.829872     5.65298491   0.41498842  -1.12508909
   -1.12508909   2.33785262   2.33785262   4.79827617   6.02623841
    6.02623841   6.02623841]
 [-50.13215288  -5.4716392   -5.4716392   -8.08295232  -8.08295232
    4.85240942   4.85240942   7.32001307   7.32001307   8.87393249
    8.87393249   5.65298491   5.65298491   5.65298491  -1.12508909
   -1.12508909   2.33785262  10.94192758   6.02623841   6.02623841
    6.02623841   6.02623841]
 [-50.13215288  -5.4716392   -5.4716392   -5.4716392   -8.08295232
   -8.08295232   4.85240942   4.85240942   8.87393249   8.87393249
    8.87393249   5.65298491   5.65298491   5.65298491  -1.12508909
   15.16681288  15.16681288  15.16681288   6.02623841   6.02623841
    6.02623841   6.02623841]]