The follwowing are analysis increment values based upon the N=4 analysis: [[ -7.68698194   8.12795216   8.12795216   4.83899327   8.05299626
    8.05299626  14.47400341  14.47400341   5.48309826  17.09170503
   17.09170503  17.09170503  22.7284049   20.39413115  20.39413115
   20.39413115  28.21047669  31.07877252  31.07877252  21.62012061
   21.62012061  21.62012061]
 [ -7.68698194  -7.68698194   8.12795216   4.83899327   8.05299626
    8.05299626  14.47400341  14.47400341   5.48309826   2.8521115
   17.09170503   1.28865141  10.50569654  20.39413115  20.39413115
   20.39413115  28.21047669  31.07877252  21.62012061  21.62012061
   21.62012061  21.62012061]
 [-31.03420346 -14.58303484   4.83899327   4.83899327   8.05299626
    8.05299626  14.47400341  -1.08978323  -1.08978323   2.8521115
    5.17590184   1.28865141  -0.19400751  20.39413115  10.2901701
    9.20235839  10.40368294  21.62012061  21.62012061  21.62012061
   21.62012061  21.62012061]
 [-14.58303484 -14.58303484 -20.00734231 -14.39191784 -14.39191784
   -1.66997521   4.15126443  -7.01250192  -1.08978323 -12.002012
  -12.002012    -5.63578067  -0.19400751  -8.70491506  11.32218917
   -6.20045743  10.40368294  21.62012061  21.62012061  21.62012061
   17.72060852  17.72060852]
 [-40.70759618 -20.00734231 -14.39191784 -14.39191784 -14.39191784
  -14.39191784 -13.78356873  -7.01250192  -7.06569904 -15.37205395
  -16.33195597 -21.56889701 -22.36392081 -17.50847791 -17.50847791
  -18.38022695  -6.20045743  10.15256284   2.5663207    2.5663207
   17.72060852  35.27406953]
 [-30.4470919  -17.80341556 -14.39191784 -14.39191784 -14.39191784
  -14.39191784 -12.07135344 -12.07135344 -11.47203116 -18.45600576
  -25.83650794 -25.83650794 -23.083726   -17.50847791 -17.50847791
  -18.38022695 -24.95885968   2.5663207    2.5663207    2.5663207
   35.27406953  35.27406953]
 [-30.10810645 -24.1602378  -13.40619837 -13.40619837 -13.40619837
  -11.85301373 -11.47203116 -11.47203116 -11.47203116 -20.06943207
  -20.06943207 -19.40887911 -19.47261281 -19.47261281 -21.97573557
  -22.72200202 -25.67593674  -1.68725765  -1.68725765  20.0238023
   20.0238023   20.0238023 ]
 [-29.76366209 -21.1003461  -12.8483318  -13.40619837 -13.40619837
  -11.7250455   -7.8714174  -11.47203116 -11.47203116 -12.56950187
  -12.56950187  -7.4091928  -19.47261281 -14.46758532 -14.46758532
  -20.1435612  -21.60498889  -1.68725765  -1.68725765   7.00121496
    7.00121496   7.00121496]
 [-29.76366209 -19.00853205 -19.00853205 -12.8483318  -12.8483318
  -11.7250455   -7.8714174   -7.8714174   -5.1251507   -6.28929008
   -7.47699568  -7.47699568  -6.69580746 -10.63700304 -10.63700304
  -13.51427863 -23.9783031  -14.94551844  -4.31838374   7.00121496
    7.00121496   7.00121496]
 [-29.76366209 -19.00853205 -19.00853205 -19.00853205 -12.8483318
   -8.73736928  -4.04666942  -6.60974893  -6.60974893  -5.25256642
   -5.38618912  -5.38618912  -7.9429616  -14.75060073 -21.6761579
  -25.52499656 -25.52499656 -23.69653043   2.30596946   2.30596946
    2.30596946   2.30596946]
 [-29.76366209 -19.00853205 -19.00853205 -19.00853205 -17.13561863
  -12.18510595  -6.23644575   0.30046752   1.23790987  -3.1254588
   -3.1254588   -2.6159975  -14.7240837  -17.97911935 -21.6761579
  -21.6761579  -25.52499656 -39.35733693 -48.93546841   2.30596946
    2.30596946   0.54659181]
 [-43.2392336  -43.2392336  -17.08844422 -17.08844422 -12.55447618
  -12.55447618  -8.15360007  -0.24846743  -0.74568652   2.95964779
    2.95964779   7.16378658  -5.46531783 -12.77163368 -12.77163368
  -20.83794355 -44.41554938 -48.93546841 -48.93546841 -48.93546841
  -15.29471115 -15.29471115]
 [-59.77802054 -43.2392336  -17.08844422 -12.55447618 -12.55447618
  -12.55447618  -8.15360007  -2.64316596   3.81643037   5.49719388
    2.95964779   7.16378658  -5.46531783 -11.82159468 -11.82159468
  -39.78822772 -43.04508015 -50.69266046 -48.93546841 -36.84610258
  -15.29471115 -15.29471115]
 [-43.80030941 -43.80030941 -41.19129849 -12.55447618 -12.55447618
  -12.55447618  -6.38774785  -0.99764164   3.81643037   3.81643037
    6.15008532  10.45038155   7.27405514   2.60979449   4.16942128
  -38.49324143 -38.49324143 -48.14416712 -38.38979242 -38.38979242
  -15.29471115   1.27092724]
 [-32.84451244 -37.52229005 -37.52229005 -11.21430106 -11.21430106
   -9.08292848 -12.99998975  -0.99764164  -4.92636799   2.85571082
    8.11677946   7.34511207   7.27405514  -0.94016323  -5.83410994
  -14.13003384 -38.49324143 -41.3518479  -48.83708504 -20.84400617
    1.27092724  28.54733026]
 [-62.09110269 -28.58042189 -31.51395413 -37.52229005 -11.21430106
  -15.58811063 -12.99998975 -12.99998975  -6.19584276  -6.19584276
   -4.04157797   5.76360951   4.86661497   6.87916582   1.72775403
   -6.53071525 -21.28019931 -11.13531252 -31.54928036 -20.84400617
   28.54733026  28.54733026]
 [-62.09110269 -62.09110269 -31.51395413 -31.51395413 -15.15106774
  -15.15106774 -22.40351861 -12.99998975  -6.19584276  -0.60297413
   -0.60297413   4.95668587   8.05053254   6.87916582  11.40801427
    5.26701234 -11.13531252  -0.27564001  14.43212917  31.62952828
   28.54733026  46.85658933]
 [-62.09110269 -62.09110269 -31.51395413  -9.21362114 -18.96871629
  -20.3721189  -20.3721189  -18.20046652 -13.45795874  -2.97124157
   -2.97124157  -2.97124157   9.77695766   9.98125638  15.15500783
   15.15500783  20.94520046  10.5750517   14.43212917  14.43212917
   56.1377387   56.1377387 ]
 [-62.09110269 -62.09110269 -35.7653234  -11.73488    -11.73488
  -14.58360533 -16.2023808  -18.70911344 -13.45795874  -5.61524246
   -2.97124157   8.62737138   7.9646834    9.7283045   15.15500783
   15.15500783  20.94520046  29.22959066  29.22959066  35.36209405
   56.1377387   56.1377387 ]
 [-81.15681321 -53.62675219 -24.18692602 -11.73488    -11.73488
  -16.69449795 -16.94731616 -18.70911344 -18.70911344 -12.72880036
    5.65303354   9.04751974   8.38893868   9.60868286  13.55447351
   19.59673036  23.07215338  30.90887564  30.90887564  28.89342271
   46.39549857  56.1377387 ]
 [-92.66075294 -20.59712233 -24.18692602  -8.24657011 -12.25320077
  -14.72101205 -14.72101205  -9.22867069  -9.22867069   4.96102975
    4.96102975   7.30708253   8.61863846   9.3552925    9.3552925
   16.68266875  23.30994748  30.90887564  30.90887564  30.90887564
   39.87274479  49.22998827]
 [-60.93694318 -26.00181235 -26.00181235 -12.37908402  -2.85827378
   -1.29874289 -14.72101205   1.54516603  -0.88215608   4.96102975
    8.53522714  12.75494831  10.03232653   9.3552925    9.3552925
   15.71023456  21.14367765  24.45296208  29.44324614  29.44324614
   39.87274479  49.22998827]
 [-91.08367765 -32.06723046 -33.66142232  -8.35472496  -2.85827378
   -2.85827378  -1.29874289   1.54516603   2.38825126   7.97935319
    9.12427651  10.96628019  11.01064236  10.6946423   11.73003388
    8.82846427  17.51140308  24.45296208  23.52873804  29.44324614
   29.44324614  22.54638148]
 [-91.08367765 -32.06723046 -32.06723046  -6.42550225  -1.36230166
    5.46570828  10.07754342  12.27280257   6.84257097   8.40163165
   10.41750434  12.13031827   8.43623371   8.10769163   4.2123663
    8.82846427   5.75308469   6.08831971  14.79216921  15.95169275
   15.95169275  14.23839773]
 [-47.6841144  -25.70349913 -32.06723046 -11.84052409  -2.18264939
    4.34762206  10.07754342  12.43058203   7.31687749  10.14475778
   11.26376538   9.59626466   9.59626466   3.6610995    1.15242558
    4.55319593   6.08831971   6.08831971   6.69980404   9.85788728
    9.85788728   8.58601815]
 [-34.62510333 -34.62510333 -10.23948877 -11.84052409  -2.18264939
    4.34762206   4.34762206  10.19504549   9.07601026  10.14475778
   11.26376538   9.59626466   9.59626466   2.42536829   4.55319593
    6.08831971   6.08831971   6.08831971   8.58601815   8.58601815
    8.58601815   8.58601815]
 [-34.62510333 -34.62510333 -10.23948877  -5.73267354  -2.18264939
    4.34762206  10.19504549  10.19504549   9.07601026   9.07601026
   11.26376538   8.44507708   6.7054624    2.42536829   1.46319878
    1.46319878   5.06869172  11.78945205   8.58601815   8.58601815
    8.58601815   8.58601815]
 [-34.62510333 -34.62510333  -5.73267354  -5.73267354  -5.73267354
   -6.21795838  10.19504549  10.19504549   6.97269434   9.07601026
    8.44507708   8.44507708   2.42536829   2.42536829   3.85022838
    7.12492941   8.78319054  10.73677483  10.73677483  10.73677483
   10.73677483  10.73677483]]