The following are analysis values for a statistical objective analysis N=2: [[5172.10886861 5185.95305531 5294.0234105  5326.80504838 5409.49547822
  5552.33182822 5573.58965807 5635.21721203 5650.67307783 5660.76704211
  5595.23975154 5630.29446111 5631.1112918  5647.1419842  5825.94831531
  5833.55699077 5720.12941933 6018.81118223 6019.32384522 6031.69263444
  6069.73649115 6088.95764835]
 [5037.91239941 5176.67035502 5191.94132564 5323.58414882 5403.41695989
  5427.93060634 5538.01496376 5648.0055901  5657.8717046  5571.30767321
  5591.20332616 5632.0949422  5639.63185445 5644.44212237 5824.75653041
  5711.18524657 5718.27546189 6012.72225503 6018.43784197 6060.84952849
  6064.79909881 6066.81240611]
 [5031.5577217  5057.7566769  5199.19089287 5282.4184671  5289.68254383
  5518.60221914 5559.89944001 5573.78424629 5663.10305154 5584.41665679
  5594.33183787 5623.0204939  5641.9562004  5595.45074747 5707.45193833
  5708.03622279 5715.65613335 6011.04750677 6044.45137925 6050.68973276
  6061.04262745 6066.56392395]
 [5034.45028015 5061.59288249 5046.26701043 5288.38907462 5306.27785275
  5289.19768401 5315.9434073  5310.64800682 5402.34303273 5417.8726927
  5388.46536977 5348.97906798 5422.36475053 5312.22201241 5292.35242813
  5711.58537523 5719.04884193 5717.83333626 6044.22175516 6048.28853393
  6067.64286224 6083.8006382 ]
 [4892.35173384 5021.37393324 5046.01533043 5070.06407041 5216.36799788
  5305.73950639 5316.88298651 5211.57410615 5213.57122092 5207.33232763
  5169.27401735 5178.24309747 5117.64722077 5123.99238956 5295.58158356
  5296.05107024 5426.25031284 5690.06397132 5691.95017657 6067.80923235
  6078.1810058  6083.41832264]
 [4895.88601124 5027.06197712 5050.74598408 5091.8912117  5070.60242774
  5308.03931147 5328.38204306 5211.77821823 5201.40211967 5211.03080834
  5230.14948677 5186.85819152 5132.24636255 5138.90244261 5165.19170274
  5315.03960036 5325.93969896 5325.28055804 5715.66196841 5714.06173288
  6079.09384055 5808.54682466]
 [4727.17104167 5038.91238817 5064.42515521 5055.71038737 5077.198509
  5088.96261387 5198.14126713 5217.55965166 5208.07203843 5219.85760038
  5232.8316114  5198.44059407 5186.1083375  5165.02730781 5164.98470584
  5180.29462609 5338.75676876 5339.20698202 5339.09976492 5562.57703859
  5572.94527126 5567.12695176]
 [4703.29864727 4717.70795865 4973.08440625 5046.06215656 5071.5885126
  5171.97268717 5245.63806437 5269.523433   5261.48143885 5266.93363213
  5284.3813666  5220.03372839 5205.02163124 5209.62949411 5137.94657911
  5145.07175006 5177.01915717 5351.38349686 5442.17501395 5586.83841559
  5596.00795591 5601.60072788]
 [4701.17696878 4717.74721666 4916.18175937 4990.64838479 5031.07166622
  5171.72256555 5200.05894603 5258.4578264  5263.60717452 5282.78123055
  5295.81919224 5236.43005196 5217.29807059 5232.90738939 5166.39723624
  5167.36718048 5207.63473011 5140.23699168 5470.04768454 5611.68052747
  5613.06531449 5602.45082442]
 [4690.63841947 4715.54703958 4965.81270109 5018.69329684 5034.80748329
  5187.47053505 5221.20490519 5242.83863633 5367.02049527 5371.21115408
  5316.53087194 5260.23157752 5284.73191221 5160.0134794  5086.85111176
  5104.48457146 5045.48186738 5157.14606017 5127.20350232 5460.54285727
  5465.91130341 5464.79434673]
 [4699.33877565 4726.83147528 4976.93648888 5014.22607995 5042.32813286
  5084.47219851 5233.08252241 5247.65450598 5372.02035298 5392.09421768
  5305.44871093 5322.27037931 5337.02580494 5094.73751905 5101.29741052
  5114.83101309 5050.14074004 4954.75941047 5143.04759073 5148.7324496
  5467.1442107  5478.70026975]
 [4709.1537373  4748.48188664 4993.23994311 5036.38718368 5069.15405306
  5195.92661205 5278.31469641 5303.96729241 5443.39439122 5465.81842295
  5392.40096664 5341.07348786 5352.46786565 5237.10718715 5101.75640665
  5126.44699625 4962.77312876 4968.28203478 5152.40670814 5271.85797284
  5285.91218498 5286.6722644 ]
 [4743.53441622 4750.93968969 5023.52386549 5062.80896202 5179.97863038
  5210.04022129 5333.9107504  5441.07796888 5466.18897876 5492.13268005
  5499.18044593 5436.00099268 5388.12472684 5247.96691182 5218.78348822
  5141.90652228 5147.96942952 5090.26757249 5090.85212909 5289.60686975
  5504.35062749 5765.01300648]
 [4511.93153987 4541.0519316  5098.25291865 5110.08943314 5314.2089571
  5343.27974797 5354.02720949 5368.34119984 5469.77637507 5564.46441939
  5570.12506138 5551.97357006 5495.75103389 5382.40347031 5385.66327432
  5149.41531641 5153.39671415 5095.29250414 5108.91236884 5513.15089762
  5764.88935953 5776.25057212]
 [4538.52731337 4573.26434252 5118.3896207  5133.57971505 5329.14376829
  5356.14238579 5380.48924396 5382.30796306 5548.25425069 5565.76559369
  5598.68166611 5602.29044123 5616.67538716 5644.31970093 5648.44202007
  5448.09090676 5517.40192493 5523.69417373 5466.62171206 5524.16434962
  5779.61752065 5786.26224957]
 [4506.02456828 4663.29367819 4705.26550532 5222.33747867 5231.90737618
  5369.76089782 5392.37434698 5405.49999351 5561.69981746 5577.99667374
  5686.18981293 5668.60435995 5633.5022388  5661.72234862 5665.92021716
  5537.3753478  5540.91031379 5611.86855371 5614.8766878  5736.30170178
  5805.42871839 5804.86611924]
 [4530.73828897 4576.04933869 4728.23783836 5228.96908306 5267.44135047
  5276.33936106 5406.4912785  5504.76287947 5580.81644741 5592.80377351
  5758.73498621 5775.67517674 5774.31154937 5758.47269089 5766.60814966
  5698.64141364 5552.95057809 5876.64387895 5882.34900988 5961.64535854
  6213.35605211 6201.74913362]
 [4566.30634971 5056.26919747 5068.95515402 5079.38990408 5273.65540431
  5384.84086299 5540.06571963 5547.3053467  5557.45691509 5648.83208243
  5773.13971022 5780.20415292 5797.58433878 5909.18013759 5919.06678557
  5978.055101   5977.50510897 6054.41739021 6068.54242219 6090.85125783
  6224.82870108 6225.71990918]
 [4567.65646437 5061.90390353 5076.1207085  5094.82391031 5375.39493241
  5407.13587775 5615.48123353 5553.45720589 5626.18283074 5639.62239947
  5791.9538059  5798.71434574 5800.72044209 5915.71229828 5979.88551557
  5994.74542186 5995.60425417 6077.76299222 6102.10650857 6112.19022901
  6179.2445438  6267.28398259]
 [4545.77722233 5058.12032226 5092.08383014 5365.0539533  5378.50813837
  5549.85352948 5553.16947547 5643.01214795 5663.74599403 5795.94595531
  5828.08533628 5835.63132805 5911.02396239 6010.35319482 6014.76876104
  6078.26743982 6083.17349043 6157.97608096 6133.86889763 6149.00456128
  6205.88044391 6211.37683721]
 [4840.73046551 4870.71773889 5237.97811072 5375.54151777 5388.63506838
  5555.02223139 5624.64046384 5651.14200215 5720.29831634 5810.01282571
  5808.6650865  5955.96547263 5964.14644465 6013.6317951  6022.6792472
  6119.67802558 6168.71982475 6178.75084586 6161.56309399 6167.46481337
  6166.72694777 6181.05990157]
 [4852.2807954  5046.24057406 5075.77782153 5429.35309617 5632.14127531
  5650.45146811 5725.56237975 5744.38926436 5799.1488591  5799.17527384
  5852.16264635 5890.97887698 5982.29194208 6064.29327552 6065.25598864
  6073.69518697 6182.22946537 6187.32793283 6195.6712015  6173.3956807
  6178.27387401 6188.26890816]
 [5038.99281831 5056.06394492 5076.53787879 5468.88516473 5562.71227332
  5650.0125857  5726.06585233 5754.93818299 5797.66455919 5808.68971807
  5844.11923226 5901.93200616 5907.59432569 6073.61700087 6076.95729624
  6080.1699973  6115.10370442 6162.21312527 6166.87603601 6177.14093537
  6194.60512492 6206.46054216]
 [5038.80510621 5064.64381112 5459.83966165 5477.71911664 5667.74666263
  5689.54261738 5782.32590904 5757.96822866 5815.3981885  5855.77830741
  5914.11400328 5914.08518611 5919.86831431 6035.86702295 6081.85631426
  6119.82289436 6108.94296    6117.08179994 6119.53895399 6146.02754731
  6161.10821648 6127.84948648]
 [4728.64212613 5365.59865305 5381.88757039 5496.14585362 5592.93040482
  5702.09406724 5759.99459409 5760.13076459 5830.39907623 5851.13472154
  5912.11186242 5928.81116846 5980.38308878 6021.58254528 6024.61196569
  6049.9581975  6110.72164077 6121.60062531 6133.53052333 6056.21854372
  6171.97513392 6180.45687061]
 [5009.12847653 5366.76462938 5381.50930416 5509.29105272 5595.67874413
  5717.07284224 5685.12554081 5761.88290118 5776.79023593 5859.15182309
  5873.50878651 5937.77935705 5963.21822023 6035.48167968 6052.86005674
  6067.30578089 6071.86342176 6086.3839533  6058.34629341 6173.79420082
  6179.9967927  6184.94130248]
 [5024.45286626 5381.09972441 5390.41404501 5511.97909788 5527.70801414
  5663.26403081 5677.92714168 5759.66668646 5781.60800401 5860.31478882
  5874.07764236 5953.87790126 5961.80705024 5972.20447833 6062.25948772
  6071.72541178 6086.90991168 6210.49407147 6175.4668302  6185.32172446
  6187.74813852 6200.57399752]
 [5009.90365928 5369.78742425 5405.5325628  5411.92060663 5527.90117263
  5529.55738636 5699.10107461 5719.21499727 5850.35708685 5870.26612339
  5874.36178758 5958.45153168 5966.25167107 5980.86811121 6068.01320398
  6308.29049988 6319.56606929 6325.72656243 6181.11358418 6190.9693807
  6200.23656561 6214.73388695]]