The following are analysis values for a statistical objective analysis N=10: [[5277.00002778 5313.01160596 5331.1045816  5373.90148444 5396.13565825
  5418.72700807 5436.48467794 5451.37520122 5462.8031875  5475.61599471
  5492.11439878 5492.81827936 5508.63700151 5519.19266564 5549.82074756
  5569.48870087 5581.27345778 5596.8322189  5613.15522413 5639.64710996
  5648.36293749 5652.62005123]
 [5277.81008022 5295.48435082 5326.39860227 5360.14857794 5382.59706223
  5406.73573235 5426.39574443 5443.40419273 5456.63235489 5468.86960236
  5475.92252253 5485.86619768 5499.92065281 5505.59749317 5530.98058974
  5554.45301774 5569.75195064 5590.23412918 5623.16365633 5638.60127444
  5647.35257559 5651.64955337]
 [5267.56507216 5292.63856068 5308.75906362 5341.57177714 5364.783353
  5387.94891869 5406.93434679 5424.6851783  5447.01972175 5451.83779554
  5456.07322686 5472.64371728 5483.40932386 5486.56413448 5506.36322644
  5532.84417469 5551.6659079  5578.0064029  5615.44444712 5633.32273095
  5643.48880758 5642.85557588]
 [5259.08835458 5271.08459958 5290.72246    5323.07491746 5343.52539404
  5369.97314617 5389.24963137 5406.14398419 5428.10619368 5428.21381822
  5435.48648034 5447.56978011 5455.57145056 5460.89673956 5479.16533212
  5502.16677958 5527.65719428 5567.56297499 5596.25232142 5617.57713014
  5629.11981896 5634.19255641]
 [5245.08886597 5253.58829298 5268.03966178 5302.55296257 5328.22979996
  5355.16832089 5374.34090159 5384.52288448 5404.66853419 5412.93726763
  5415.02526297 5420.40009193 5427.30446398 5436.90860713 5448.06177227
  5476.45539929 5498.2138889  5543.48851045 5575.15531168 5599.20453671
  5611.5286422  5620.42190427]
 [5223.10111638 5230.98142062 5259.04864402 5286.83643718 5318.84095116
  5341.98475511 5362.45098983 5377.503732   5393.44689084 5394.65987765
  5401.25181488 5408.89129692 5413.27624503 5415.29704059 5432.56364935
  5451.12169102 5478.54140658 5515.02958106 5552.18446304 5573.02198461
  5589.47146626 5599.18833775]
 [5203.93975911 5213.80140542 5241.95879084 5264.69248946 5306.4373694
  5340.18674069 5364.06797669 5376.76681859 5394.79674361 5397.83882579
  5401.7970402  5404.5426657  5406.18224263 5406.53746229 5412.12882422
  5421.28854072 5462.97886148 5500.10902954 5525.1122702  5547.02112896
  5562.63946246 5564.89745501]
 [5187.5920895  5208.66870411 5235.16193012 5262.125103   5302.70588361
  5340.74262576 5369.27371409 5391.49469061 5405.33433054 5414.19883143
  5414.59764894 5415.20075697 5415.01655418 5414.02766415 5414.4436829
  5421.70598138 5447.9573127  5481.7340609  5515.11269569 5536.42571284
  5543.40416465 5594.77004266]
 [5168.7390813  5210.99644735 5243.13517329 5281.05984125 5319.99863337
  5352.06984265 5384.61685953 5412.65500827 5428.66932454 5437.06391193
  5438.25097083 5438.76989134 5430.56738583 5424.84536919 5420.35189449
  5419.47881855 5444.70061684 5469.66826217 5491.79151836 5507.14601333
  5535.24714293 5587.17433814]
 [5184.36373814 5203.63743279 5252.35483999 5295.86443848 5331.20589751
  5365.27192425 5399.59178291 5430.92296785 5450.36408675 5460.53487773
  5461.64697028 5457.4009707  5452.67397598 5444.27581825 5438.17899438
  5425.37647889 5435.65327928 5455.78960042 5471.5172988  5495.14091085
  5511.87862275 5564.4865652 ]
 [5162.12482167 5210.16683922 5240.78891438 5282.69639922 5341.31663882
  5375.79394571 5413.89685848 5450.19122078 5474.03212362 5483.57001844
  5481.47578315 5477.91246708 5471.28409867 5461.14463617 5449.63083176
  5437.81821011 5431.57770135 5453.72798467 5473.18064444 5498.37846261
  5516.69605974 5569.19296695]
 [5190.37048287 5216.46249628 5248.70300555 5287.65633451 5353.44660719
  5400.87074849 5440.25574008 5475.2935288  5494.88804993 5505.63554556
  5504.33250877 5497.35829776 5490.13840711 5480.18663715 5459.90416492
  5453.94077678 5454.73523878 5458.13075872 5493.1571466  5513.01276367
  5535.42121681 5606.23459225]
 [5189.67124768 5227.48237672 5268.31465295 5313.16901373 5383.98105165
  5428.46736911 5468.16056639 5495.11975584 5516.47928037 5525.67796317
  5525.12657977 5522.81557709 5518.17303508 5512.85963816 5497.59655762
  5487.81703538 5482.05871816 5488.42992413 5507.17432355 5533.10938346
  5586.95430413 5625.33312868]
 [5179.79878403 5217.00857824 5268.58296818 5353.8052993  5400.07379027
  5455.63897844 5486.05808083 5512.01099556 5534.19547564 5549.04320936
  5559.79268888 5560.45175001 5560.11821339 5553.4877345  5538.82493478
  5535.89057947 5525.25849104 5532.87231067 5547.85791808 5583.251544
  5621.17934963 5658.84753492]
 [5171.61718086 5216.48221535 5293.23663215 5376.45218743 5425.24401144
  5469.2947351  5500.04601797 5526.5267957  5555.42170164 5574.55907568
  5589.23045786 5603.36270182 5608.83501124 5597.72065779 5587.01973137
  5588.21297671 5585.40402636 5590.94393884 5604.77067867 5639.56334459
  5675.12731147 5705.08137385]
 [5172.29483403 5229.86360861 5311.4458895  5392.69977375 5436.18193812
  5479.98031354 5515.26490022 5547.77944973 5575.51205902 5602.93774895
  5618.73507528 5632.41760829 5641.26994446 5640.0077425  5645.67206709
  5634.04177325 5642.22063008 5642.83142778 5661.51486778 5696.80532574
  5735.2651316  5757.19506091]
 [5177.02197717 5244.56452175 5320.64195774 5380.54136458 5439.87474922
  5494.4389482  5532.39486033 5572.84949435 5601.25362995 5623.16086497
  5641.07806676 5656.57021584 5671.36355464 5680.650292   5680.98640405
  5692.67670852 5700.48578823 5714.51671965 5731.87104631 5742.30098582
  5771.66656119 5789.02106733]
 [5202.23674511 5271.92798764 5338.27456685 5387.11506125 5451.83315317
  5519.05149869 5562.75010741 5599.69342655 5624.3533749  5642.37089385
  5658.5924251  5676.4269978  5694.78392796 5708.92753612 5720.67532915
  5728.54207542 5740.81225332 5752.24023981 5776.66610791 5793.15942696
  5807.155564   5819.84791308]
 [5226.50291613 5278.88872595 5352.04913337 5420.8119226  5498.11833523
  5549.95167677 5590.70734691 5622.3317093  5643.54266648 5661.25844665
  5676.18700014 5694.31080432 5718.54576469 5735.07606651 5757.22538359
  5761.85207774 5780.6009125  5784.02925695 5808.92171862 5823.41109075
  5828.64763877 5832.90875328]
 [5242.75830033 5306.82087224 5374.18911038 5471.45394691 5538.33598431
  5584.12654518 5616.22169724 5638.6866836  5659.28997767 5674.15328494
  5690.8441981  5711.25904041 5739.48841185 5758.57865161 5777.34772617
  5794.60822121 5805.12737958 5808.70674666 5828.41298168 5839.81767263
  5844.55115669 5845.38905368]
 [5279.99370676 5335.8581726  5443.688161   5509.1192491  5570.7751909
  5608.15378348 5633.09826555 5652.45844438 5669.60150557 5688.31677276
  5708.85783873 5733.99181573 5756.90567169 5781.23523864 5798.7802422
  5812.17912663 5821.20483094 5831.35778902 5836.44858492 5851.5161223
  5854.55904073 5852.29184379]
 [5320.29403989 5371.14777928 5481.57209714 5539.11852983 5589.13477325
  5619.73012601 5645.02469681 5668.60814291 5689.56378441 5707.09831593
  5727.09347924 5748.55151189 5772.31875982 5799.25779147 5816.07825934
  5826.26983956 5837.6792594  5845.99221609 5848.30723007 5855.89940031
  5867.53057637 5865.94845257]
 [5347.00735002 5418.00424627 5490.00028491 5550.29074712 5588.69474843
  5625.19765878 5655.04436866 5679.06885845 5702.72643831 5721.74501697
  5739.22039493 5761.09920049 5783.98155282 5805.82761931 5823.94224376
  5836.0988929  5844.0670364  5852.68746815 5857.47531495 5859.37311216
  5867.59394995 5876.01211414]
 [5384.50273422 5431.49112144 5503.03684297 5557.2963078  5591.4504724
  5628.83784898 5656.84468075 5683.9563592  5712.15231731 5731.33122796
  5748.355489   5769.40291932 5791.83521915 5812.96736479 5829.01383692
  5844.67960572 5852.9870118  5860.78986238 5865.44018583 5873.35145626
  5876.30810578 5879.81919141]
 [5404.50576889 5445.69505852 5511.200124   5563.97135501 5591.19322269
  5627.26170556 5653.43892518 5685.00934837 5715.45195364 5737.02372155
  5757.58777557 5775.92583458 5795.08643466 5817.6265585  5834.20980153
  5847.58741773 5854.75897618 5863.37574754 5873.43845041 5882.75327677
  5886.77242916 5889.18111571]
 [5410.01599183 5455.70870758 5516.47225703 5562.744321   5602.33582719
  5626.85272908 5654.33100483 5687.34556639 5719.86136777 5741.68301882
  5762.92545755 5778.13712054 5798.9379851  5820.93839605 5839.32579023
  5851.99332703 5861.07139054 5869.3749432  5880.30613131 5884.83730182
  5887.71152552 5892.97800613]
 [5423.49243306 5457.68954119 5512.53273276 5545.8062161  5597.43404786
  5627.77535862 5651.86520693 5683.22189624 5721.10739614 5747.19929996
  5765.13676775 5781.98553301 5803.27177147 5825.65546809 5845.2897095
  5857.61543521 5868.27526049 5875.77442301 5880.67437949 5887.69424351
  5889.76871137 5890.69975878]
 [5431.88112612 5456.1649096  5504.35634962 5536.24407982 5581.47895545
  5610.27614785 5638.80780976 5668.1251047  5704.68587511 5735.89793119
  5754.69485371 5784.53668105 5806.4459058  5831.6732001  5851.22598759
  5866.60637141 5875.22809928 5880.69004959 5883.74610593 5889.48318367
  5890.38415749 5890.87736377]]