The following are analysis values for a statistical objective analysis N=4: [[5310.49643227 5343.06646217 5361.15943781 5379.88247075 5405.33064754
  5425.0519376  5449.23061463 5464.41979786 5466.85687899 5487.30182969
  5496.38463151 5507.48505932 5526.72442328 5541.35766631 5561.46274742
  5581.13070073 5605.60655205 5624.03360901 5640.35661424 5645.00534989
  5653.72117742 5657.97829116]
 [5297.28192056 5314.95619115 5348.49000268 5366.12956425 5391.79205152
  5413.06066188 5439.14168112 5456.44878938 5460.68604638 5467.62491799
  5490.58930249 5484.72992402 5505.78536622 5530.30299176 5548.0774919
  5567.1446413  5594.08504491 5617.43551929 5628.52189626 5643.95951437
  5652.71081552 5657.0077933 ]
 [5259.73243109 5292.01897408 5327.56150513 5347.55276345 5373.97834228
  5396.7394718  5424.05322225 5427.26582427 5441.83314265 5455.57864653
  5465.80099829 5470.31430479 5478.57433322 5511.26963307 5516.65680619
  5534.34402548 5557.94231986 5595.49925253 5620.80268705 5638.68097088
  5648.8470475  5654.10436068]
 [5264.16882649 5276.1650715  5284.67856593 5309.82499265 5333.96014657
  5370.04839684 5396.04576785 5402.80191147 5422.91961459 5421.22895323
  5428.03633792 5441.28847273 5454.73191633 5456.50319194 5490.49093094
  5491.83905118 5533.93360624 5576.49942151 5606.21848774 5627.54329646
  5636.46909168 5643.48653117]
 [5224.75988847 5253.95956933 5271.9725389  5292.23215618 5318.66455248
  5343.3520287  5363.1329585  5385.95143701 5398.76527781 5398.72765634
  5403.47116737 5403.91960808 5410.02895632 5423.93674982 5436.51386311
  5453.94790136 5492.63355326 5541.98711901 5566.06767809 5590.11690313
  5620.82261695 5647.26934003]
 [5218.46662021 5239.080258   5254.64433587 5276.5156308  5306.78690424
  5334.84564252 5357.63244165 5373.87343301 5387.0204223  5387.5614745
  5384.78633996 5389.25424889 5397.59409728 5410.38727361 5420.60943308
  5435.90361599 5454.20266869 5512.87907328 5543.09682946 5567.16167155
  5616.31890202 5626.03577352]
 [5204.39028341 5220.19979837 5244.0709593  5267.85324346 5301.89199168
  5335.5865322  5359.84875079 5378.54346732 5391.80996699 5390.43646312
  5394.39467753 5398.35527005 5401.86564885 5406.24586561 5410.59612724
  5422.53625871 5441.33183029 5493.70494341 5521.51159207 5565.62566308
  5581.24399657 5590.79088479]
 [5197.36198011 5218.12698875 5242.65666079 5269.47944896 5306.04534524
  5341.64970653 5372.48264717 5390.46542923 5404.62663541 5410.96945063
  5415.04495336 5422.61565157 5411.63682535 5417.53111197 5420.41913617
  5422.99652802 5439.14253888 5484.97838807 5511.51201755 5541.51350731
  5556.27500708 5565.624585  ]
 [5197.02783729 5222.29476514 5244.72251785 5284.0205141  5320.50885818
  5352.97692342 5384.95300841 5409.70270911 5428.46329208 5435.69374009
  5438.83840969 5440.01204323 5439.05158257 5432.42502766 5431.34072864
  5431.83146418 5433.51252881 5464.90062602 5501.02297084 5533.42313256
  5548.11798537 5558.02888047]
 [5200.65451401 5227.59584495 5254.35561836 5290.96132594 5332.49471223
  5366.01981596 5401.02397292 5428.37964419 5447.82076309 5458.43319992
  5461.70004994 5460.64515509 5453.52704003 5441.13920217 5430.05160456
  5425.43825987 5431.7167675  5450.37084911 5499.43025261 5520.45864378
  5536.12730117 5548.2567855 ]
 [5204.81806838 5231.59519136 5257.73231871 5294.91170499 5334.79449261
  5373.09410076 5414.59675991 5456.15911862 5478.54643176 5482.55520294
  5483.78959313 5480.98392043 5462.52088015 5452.23384923 5442.89297787
  5439.86257607 5438.0061313  5435.24273162 5445.11725991 5517.47329136
  5535.79088849 5551.20380962]
 [5194.24023758 5210.115456   5262.01432341 5301.79172811 5351.50560343
  5392.74757487 5437.14488417 5479.95914531 5499.05644735 5509.23393781
  5508.99324809 5509.28412913 5490.52633345 5476.66270975 5471.33961422
  5460.03873168 5436.67637564 5439.50125633 5456.47275073 5479.44446212
  5536.92702616 5561.47728033]
 [5177.00221544 5212.90790713 5270.93680924 5324.61873797 5378.53183893
  5423.36917854 5465.04971048 5500.22094979 5523.97278493 5532.36475674
  5530.94997562 5533.53622817 5517.577412   5507.09494911 5503.41461273
  5473.05186571 5469.60927726 5467.41699283 5485.20568651 5523.23011225
  5574.12959805 5602.91357003]
 [5185.18470587 5215.30503525 5266.61289551 5357.97841047 5412.37412279
  5450.54078787 5487.12661859 5518.75771383 5542.50122798 5553.56397878
  5562.03462191 5569.77755845 5567.75433276 5562.15443461 5561.71676085
  5517.20292487 5516.8498662  5511.69497492 5536.43495703 5562.97525096
  5616.64463794 5661.2738009 ]
 [5187.95889968 5226.34721582 5295.2788119  5391.38620884 5437.39783131
  5469.68290748 5493.31630049 5533.08568131 5552.9986381  5578.32536206
  5595.94069445 5603.49934296 5608.06549895 5601.49066541 5596.49743784
  5587.7951342  5564.44139196 5566.77231277 5573.11381545 5625.39967064
  5675.82116279 5728.57669521]
 [5164.75062965 5248.67047725 5321.03839475 5381.7533856  5448.33575799
  5473.32283682 5507.09966242 5539.61421193 5574.48959622 5595.99241348
  5613.81816992 5634.20136722 5639.94448696 5646.4663298  5644.9569426
  5640.17463842 5629.85123758 5647.25393825 5639.84779811 5671.2795479
  5744.97519381 5766.90512312]
 [5184.32161275 5237.57575305 5336.7375941  5395.11927128 5451.67805115
  5488.04287579 5520.30938867 5565.52319336 5599.6179958  5625.77939503
  5641.4453622  5658.52760471 5670.717072   5678.31315417 5691.68265698
  5693.75405342 5685.16080827 5704.80280299 5731.33444094 5765.16292803
  5781.3766234  5817.04038861]
 [5209.5363807  5261.55196235 5351.52562469 5426.75071458 5462.10174162
  5507.4343751  5552.69603546 5587.95433096 5614.95605276 5642.84799922
  5657.63754681 5670.45645923 5695.82261679 5709.69248886 5728.19864439
  5739.48465474 5754.74964169 5753.37701486 5767.26682775 5779.64928902
  5835.35103559 5848.04338467]
 [5234.59964156 5282.97885375 5363.56351563 5442.53704037 5495.9295554
  5544.9141716  5585.22457606 5609.80286392 5633.21084629 5656.33882328
  5673.41289757 5699.55105465 5715.14228797 5734.39230336 5755.34300682
  5767.44791891 5782.98071723 5799.86613326 5808.09920865 5822.77697586
  5852.5724747  5861.10422487]
 [5240.8556184  5314.35050987 5399.33590547 5473.90449016 5531.58706523
  5573.15467323 5606.23868599 5626.94187507 5643.70700277 5664.55062312
  5697.69759497 5717.48524855 5736.07974243 5756.81607241 5776.42396541
  5794.03428352 5806.83432356 5822.6284587  5829.26975669 5832.7148864
  5854.95044632 5869.31388962]
 [5258.37260648 5377.75626969 5434.11943606 5515.05810224 5563.50795105
  5597.67858913 5624.0998795  5650.09672174 5667.23978293 5696.93231723
  5712.54100253 5733.08598189 5756.00768348 5777.32299678 5792.50972542
  5810.54036157 5825.65967176 5840.18735261 5845.27814852 5848.44630426
  5858.97582907 5869.30892928]
 [5319.38543462 5405.17430483 5465.71558026 5538.79321434 5592.56897795
  5624.33245839 5634.37290241 5671.26409616 5687.31479867 5709.81259658
  5729.92383809 5753.52286591 5773.81446011 5794.55461148 5809.79501146
  5826.49896957 5839.74354937 5848.97913354 5857.80308201 5859.53512149
  5869.80502795 5877.58014763]
 [5313.25010971 5425.48759269 5480.63088712 5557.26447883 5601.16493132
  5628.77558775 5653.33953335 5678.13560443 5699.55686279 5723.43616251
  5741.97018203 5763.36892347 5786.34185514 5807.77249119 5824.58472159
  5832.32044562 5848.81818211 5861.62620682 5864.57784595 5872.39015125
  5872.51236739 5863.962591  ]
 [5332.96963345 5445.22607371 5496.56479863 5566.19926222 5605.4166274
  5638.55818452 5666.47530874 5692.42462138 5710.26388938 5732.21764184
  5752.46215569 5773.27681965 5791.38198281 5812.4708088  5824.91727951
  5840.74781262 5845.97983913 5853.02809219 5867.1631385  5872.480602
  5875.43725153 5875.49739024]
 [5393.601506   5465.79374212 5505.00220899 5563.56693871 5604.33902997
  5636.33015911 5665.75933795 5693.63539001 5714.64596112 5740.19647615
  5760.39701654 5777.2656813  5797.7768948  5812.68341037 5827.01095575
  5842.40867038 5853.0907365  5860.86271256 5868.1951445  5876.7996475
  5880.81879989 5882.26526533]
 [5421.19307122 5464.78417463 5529.04409064 5562.33990469 5601.80098846
  5633.71471636 5658.00412949 5690.99628967 5718.69253062 5744.74414446
  5765.73469852 5782.11027454 5801.62844524 5815.01249298 5834.76315822
  5849.48312713 5859.68688344 5867.9904361  5876.94903951 5881.48021002
  5884.35443372 5886.06215574]
 [5432.5679001  5466.76500824 5525.10456637 5562.88486493 5596.89920912
  5629.91131347 5661.0664578  5689.77044907 5719.938559   5747.01201674
  5769.73408871 5784.52001499 5801.76966737 5818.61526272 5836.91716904
  5851.60580718 5865.87112541 5880.09104826 5881.78757083 5884.73580792
  5886.41161957 5887.34266698]
 [5440.95659316 5465.24037664 5521.43499845 5553.32272866 5585.93293167
  5614.24483924 5657.03343769 5686.35073262 5716.0876316  5747.644203
  5768.94377667 5786.78082625 5800.22644074 5823.5361689  5846.8154158
  5865.47050065 5876.53846302 5883.95399761 5887.01005396 5888.67550476
  5889.57647858 5890.06968486]]